SPARSE_ITERATION_MPI_OMP
rows=2000000  total_nnz=80000000  min_nnz_per_row=5  max_nnz_per_row=731  avg_nnz_per_row=40.000
generation_time_sec=2.406
num_procs=16  num_threads_per_proc=1

rayleigh=4.223544292121085
checksum=0x9d6d0c00352aeec5
Time (sec) = 62.004075
local_compute_time_sec=40.547912
communication_time_sec=14.478998
reduction_time_sec=6.962271
epoch_transition_time_sec=0.000025
