SPARSE_ITERATION_MPI_OMP
rows=2000000  total_nnz=80000000  min_nnz_per_row=5  max_nnz_per_row=731  avg_nnz_per_row=40.000
generation_time_sec=2.437
num_procs=4  num_threads_per_proc=4

rayleigh=4.223544292121023
checksum=0x911875ad4c291dfd
Time (sec) = 126.920145
local_compute_time_sec=117.550925
communication_time_sec=9.189845
reduction_time_sec=0.138879
epoch_transition_time_sec=0.000024
