SPARSE_ITERATION_MPI_OMP
rows=2000000  total_nnz=80000000  min_nnz_per_row=5  max_nnz_per_row=731  avg_nnz_per_row=40.000
generation_time_sec=3.020
num_procs=64  num_threads_per_proc=2

rayleigh=4.223544292121056
checksum=0x3301f3327c96c3a
Time (sec) = 41.849166
local_compute_time_sec=10.124491
communication_time_sec=17.145856
reduction_time_sec=14.575276
epoch_transition_time_sec=0.000036
