SPARSE_ITERATION_MPI_OMP
rows=2000000  total_nnz=80000000  min_nnz_per_row=5  max_nnz_per_row=731  avg_nnz_per_row=40.000
generation_time_sec=2.387
num_procs=8  num_threads_per_proc=2

rayleigh=4.223544292121074
checksum=0x4e87635a9d9c73c7
Time (sec) = 90.958089
local_compute_time_sec=79.992091
communication_time_sec=10.924028
reduction_time_sec=0.012012
epoch_transition_time_sec=0.000030
