SPARSE_ITERATION_MPI_OMP
rows=2000000  total_nnz=80000000  min_nnz_per_row=5  max_nnz_per_row=731  avg_nnz_per_row=40.000
generation_time_sec=2.837
num_procs=16  num_threads_per_proc=4

rayleigh=4.223544292121076
checksum=0x1c9ed0a283e49032
Time (sec) = 57.950361
local_compute_time_sec=29.249125
communication_time_sec=19.152282
reduction_time_sec=9.537159
epoch_transition_time_sec=0.000035
