SPARSE_ITERATION_MPI_OMP
rows=2000000  total_nnz=80000000  min_nnz_per_row=5  max_nnz_per_row=731  avg_nnz_per_row=40.000
generation_time_sec=2.932
num_procs=32  num_threads_per_proc=2

rayleigh=4.223544292121060
checksum=0xe28b7ff41698404f
Time (sec) = 50.028230
local_compute_time_sec=20.338906
communication_time_sec=19.349228
reduction_time_sec=10.332566
epoch_transition_time_sec=0.000025
