SPARSE_ITERATION_MPI_OMP
rows=2000000  total_nnz=80000000  min_nnz_per_row=5  max_nnz_per_row=731  avg_nnz_per_row=40.000
generation_time_sec=2.844
num_procs=8  num_threads_per_proc=8

rayleigh=4.223544292121092
checksum=0xd1dee27db30a7df1
Time (sec) = 71.649130
local_compute_time_sec=42.696733
communication_time_sec=28.849504
reduction_time_sec=0.079260
epoch_transition_time_sec=0.000034
