SPARSE_ITERATION_MPI_OMP
rows=2000000  total_nnz=80000000  min_nnz_per_row=5  max_nnz_per_row=731  avg_nnz_per_row=40.000
generation_time_sec=2.945
num_procs=32  num_threads_per_proc=4

rayleigh=4.223544292121056
checksum=0x195f9a90c11cc5f2
Time (sec) = 49.593505
local_compute_time_sec=14.815657
communication_time_sec=22.417169
reduction_time_sec=12.354393
epoch_transition_time_sec=0.000031
