SPARSE_ITERATION_MPI_OMP
rows=2000000  total_nnz=80000000  min_nnz_per_row=5  max_nnz_per_row=731  avg_nnz_per_row=40.000
generation_time_sec=2.778
num_procs=8  num_threads_per_proc=16

rayleigh=4.223544292121090
checksum=0xf4d55173b5e3e0f3
Time (sec) = 49.060164
local_compute_time_sec=25.880391
communication_time_sec=21.941771
reduction_time_sec=1.217457
epoch_transition_time_sec=0.000030
