SPARSE_ITERATION_MPI_OMP
rows=2000000  total_nnz=80000000  min_nnz_per_row=5  max_nnz_per_row=731  avg_nnz_per_row=40.000
generation_time_sec=2.714
num_procs=4  num_threads_per_proc=16

rayleigh=4.223544292121021
checksum=0xb18444eba67f17df
Time (sec) = 69.942494
local_compute_time_sec=51.200559
communication_time_sec=16.912251
reduction_time_sec=1.793012
epoch_transition_time_sec=0.000029
SPARSE_ITERATION_MPI_OMP
rows=2000000  total_nnz=80000000  min_nnz_per_row=5  max_nnz_per_row=731  avg_nnz_per_row=40.000
generation_time_sec=2.728
num_procs=4  num_threads_per_proc=16

rayleigh=4.223544292121017
checksum=0x507dcc9668ccf9a6
Time (sec) = 71.108963
local_compute_time_sec=51.340688
communication_time_sec=16.675232
reduction_time_sec=3.057539
epoch_transition_time_sec=0.000031
SPARSE_ITERATION_MPI_OMP
rows=2000000  total_nnz=80000000  min_nnz_per_row=5  max_nnz_per_row=731  avg_nnz_per_row=40.000
generation_time_sec=2.726
num_procs=4  num_threads_per_proc=16

rayleigh=4.223544292121026
checksum=0x327325ae9d209dc8
Time (sec) = 69.534671
local_compute_time_sec=50.462808
communication_time_sec=16.835118
reduction_time_sec=2.199190
epoch_transition_time_sec=0.000036
