SPARSE_ITERATION_MPI_OMP
rows=2000000  total_nnz=80000000  min_nnz_per_row=5  max_nnz_per_row=731  avg_nnz_per_row=40.000
generation_time_sec=2.865
num_procs=16  num_threads_per_proc=8

rayleigh=4.223544292121078
checksum=0xad77d8cee03582b6
Time (sec) = 59.455007
local_compute_time_sec=21.639836
communication_time_sec=24.056308
reduction_time_sec=13.747945
epoch_transition_time_sec=0.000027
SPARSE_ITERATION_MPI_OMP
rows=2000000  total_nnz=80000000  min_nnz_per_row=5  max_nnz_per_row=731  avg_nnz_per_row=40.000
generation_time_sec=2.873
num_procs=16  num_threads_per_proc=8

rayleigh=4.223544292121072
checksum=0x6d7cee01cc5c7203
Time (sec) = 59.386902
local_compute_time_sec=22.009756
communication_time_sec=24.084701
reduction_time_sec=13.281479
epoch_transition_time_sec=0.000027
SPARSE_ITERATION_MPI_OMP
rows=2000000  total_nnz=80000000  min_nnz_per_row=5  max_nnz_per_row=731  avg_nnz_per_row=40.000
generation_time_sec=2.872
num_procs=16  num_threads_per_proc=8

rayleigh=4.223544292121081
checksum=0x4c9aa5564884c40b
Time (sec) = 59.455545
local_compute_time_sec=22.112409
communication_time_sec=24.087410
reduction_time_sec=13.244665
epoch_transition_time_sec=0.000023
