SPARSE_ITERATION_MPI_OMP
rows=2000000  total_nnz=80000000  min_nnz_per_row=5  max_nnz_per_row=731  avg_nnz_per_row=40.000
generation_time_sec=2.885
num_procs=32  num_threads_per_proc=2

rayleigh=4.223544292121060
checksum=0x4e305722d42544b3
Time (sec) = 49.964665
local_compute_time_sec=20.115705
communication_time_sec=19.425549
reduction_time_sec=10.415854
epoch_transition_time_sec=0.000030
