SPARSE_ITERATION_MPI_OMP
rows=2000000  total_nnz=80000000  min_nnz_per_row=5  max_nnz_per_row=731  avg_nnz_per_row=40.000
generation_time_sec=2.714
num_procs=4  num_threads_per_proc=16

rayleigh=4.223544292121021
checksum=0xb18444eba67f17df
Time (sec) = 69.942494
local_compute_time_sec=51.200559
communication_time_sec=16.912251
reduction_time_sec=1.793012
epoch_transition_time_sec=0.000029
