SPARSE_ITERATION_MPI_OMP
rows=2000000  total_nnz=80000000  min_nnz_per_row=5  max_nnz_per_row=731  avg_nnz_per_row=40.000
generation_time_sec=3.174
num_procs=128  num_threads_per_proc=1

rayleigh=4.223544292121060
checksum=0xbe2d27c1fa774ccd
Time (sec) = 34.803418
local_compute_time_sec=5.145654
communication_time_sec=18.787503
reduction_time_sec=10.867788
epoch_transition_time_sec=0.000025
