SPARSE_ITERATION_MPI_OMP
rows=2000000  total_nnz=80000000  min_nnz_per_row=5  max_nnz_per_row=731  avg_nnz_per_row=40.000
generation_time_sec=2.707
num_procs=4  num_threads_per_proc=8

rayleigh=4.223544292121016
checksum=0x38ead393aea61673
Time (sec) = 107.284976
local_compute_time_sec=86.310784
communication_time_sec=20.787853
reduction_time_sec=0.142549
epoch_transition_time_sec=0.000031
