SPARSE_ITERATION_MPI_OMP
rows=2000000  total_nnz=80000000  min_nnz_per_row=5  max_nnz_per_row=731  avg_nnz_per_row=40.000
generation_time_sec=2.851
num_procs=16  num_threads_per_proc=4

rayleigh=4.223544292121080
checksum=0xe1338c737a782d46
Time (sec) = 58.000996
local_compute_time_sec=29.285145
communication_time_sec=19.166153
reduction_time_sec=9.537762
epoch_transition_time_sec=0.000037
SPARSE_ITERATION_MPI_OMP
rows=2000000  total_nnz=80000000  min_nnz_per_row=5  max_nnz_per_row=731  avg_nnz_per_row=40.000
generation_time_sec=2.879
num_procs=16  num_threads_per_proc=4

rayleigh=4.223544292121082
checksum=0xa551a3da218f15b2
Time (sec) = 57.831910
local_compute_time_sec=30.159526
communication_time_sec=19.132527
reduction_time_sec=8.528020
epoch_transition_time_sec=0.000029
SPARSE_ITERATION_MPI_OMP
rows=2000000  total_nnz=80000000  min_nnz_per_row=5  max_nnz_per_row=731  avg_nnz_per_row=40.000
generation_time_sec=2.837
num_procs=16  num_threads_per_proc=4

rayleigh=4.223544292121076
checksum=0x1c9ed0a283e49032
Time (sec) = 57.950361
local_compute_time_sec=29.249125
communication_time_sec=19.152282
reduction_time_sec=9.537159
epoch_transition_time_sec=0.000035
