SPARSE_ITERATION_MPI_OMP
rows=2000000  total_nnz=80000000  min_nnz_per_row=5  max_nnz_per_row=731  avg_nnz_per_row=40.000
generation_time_sec=2.743
num_procs=32  num_threads_per_proc=1

rayleigh=4.223544292121057
checksum=0xd1a481443bfdd08f
Time (sec) = 50.037282
local_compute_time_sec=20.037102
communication_time_sec=19.079768
reduction_time_sec=10.912210
epoch_transition_time_sec=0.000024
