SPARSE_ITERATION_MPI_OMP
rows=2000000  total_nnz=80000000  min_nnz_per_row=5  max_nnz_per_row=731  avg_nnz_per_row=40.000
generation_time_sec=2.515
num_procs=1  num_threads_per_proc=16

rayleigh=4.223544292121180
checksum=0x3469f3ac6ff505e7
Time (sec) = 208.120352
local_compute_time_sec=202.384880
communication_time_sec=4.886323
reduction_time_sec=0.001759
epoch_transition_time_sec=0.000028
