SPARSE_ITERATION_MPI_OMP
rows=2000000  total_nnz=80000000  min_nnz_per_row=5  max_nnz_per_row=731  avg_nnz_per_row=40.000
generation_time_sec=2.680
num_procs=2  num_threads_per_proc=16

rayleigh=4.223544292120820
checksum=0xce406f67e1874bc0
Time (sec) = 117.284661
local_compute_time_sec=101.064604
communication_time_sec=9.631172
reduction_time_sec=6.512286
epoch_transition_time_sec=0.000029
