SPARSE_ITERATION_MPI_OMP
rows=2000000  total_nnz=80000000  min_nnz_per_row=5  max_nnz_per_row=731  avg_nnz_per_row=40.000
generation_time_sec=2.431
num_procs=4  num_threads_per_proc=4

rayleigh=4.223544292121030
checksum=0xafb5c3ff35897fd9
Time (sec) = 127.070422
local_compute_time_sec=117.779026
communication_time_sec=9.230000
reduction_time_sec=0.020919
epoch_transition_time_sec=0.000024
