SPARSE_ITERATION_MPI_OMP
rows=2000000  total_nnz=80000000  min_nnz_per_row=5  max_nnz_per_row=731  avg_nnz_per_row=40.000
generation_time_sec=2.779
num_procs=8  num_threads_per_proc=16

rayleigh=4.223544292121096
checksum=0xeb045561635a53dc
Time (sec) = 48.106138
local_compute_time_sec=25.876125
communication_time_sec=22.022657
reduction_time_sec=0.188468
epoch_transition_time_sec=0.000028
