SPARSE_ITERATION_MPI_OMP
rows=2000000  total_nnz=80000000  min_nnz_per_row=5  max_nnz_per_row=731  avg_nnz_per_row=40.000
generation_time_sec=2.454
num_procs=2  num_threads_per_proc=8

rayleigh=4.223544292120831
checksum=0x15cb9b548013d95
Time (sec) = 180.916805
local_compute_time_sec=171.519010
communication_time_sec=5.315725
reduction_time_sec=4.010939
epoch_transition_time_sec=0.000021
