SPARSE_ITERATION_MPI_OMP
rows=2000000  total_nnz=80000000  min_nnz_per_row=5  max_nnz_per_row=731  avg_nnz_per_row=40.000
generation_time_sec=2.694
num_procs=4  num_threads_per_proc=8

rayleigh=4.223544292121019
checksum=0x2eafa06b34e4b768
Time (sec) = 107.035547
local_compute_time_sec=85.606160
communication_time_sec=20.840481
reduction_time_sec=0.544606
epoch_transition_time_sec=0.000032
