SPARSE_ITERATION_MPI_OMP
rows=2000000  total_nnz=80000000  min_nnz_per_row=5  max_nnz_per_row=731  avg_nnz_per_row=40.000
generation_time_sec=2.514
num_procs=1  num_threads_per_proc=16

rayleigh=4.223544292121168
checksum=0x5fbc0f7b8e8e4cfb
Time (sec) = 208.141275
local_compute_time_sec=202.402838
communication_time_sec=4.890569
reduction_time_sec=0.001732
epoch_transition_time_sec=0.000027
