SPARSE_ITERATION_MPI_OMP
rows=2000000  total_nnz=80000000  min_nnz_per_row=5  max_nnz_per_row=731  avg_nnz_per_row=40.000
generation_time_sec=2.815
num_procs=8  num_threads_per_proc=8

rayleigh=4.223544292121088
checksum=0x5c9b7dc3e96c7efd
Time (sec) = 71.613053
local_compute_time_sec=42.676037
communication_time_sec=28.842514
reduction_time_sec=0.071846
epoch_transition_time_sec=0.000028
