SPARSE_ITERATION_MPI_OMP
rows=2000000  total_nnz=80000000  min_nnz_per_row=5  max_nnz_per_row=731  avg_nnz_per_row=40.000
generation_time_sec=2.516
num_procs=1  num_threads_per_proc=4

rayleigh=4.223544292121231
checksum=0x6c14662ac4e97ef1
Time (sec) = 208.350595
local_compute_time_sec=202.612404
communication_time_sec=4.891470
reduction_time_sec=0.001516
epoch_transition_time_sec=0.000021
