SPARSE_ITERATION_MPI_OMP
rows=2000000  total_nnz=80000000  min_nnz_per_row=5  max_nnz_per_row=731  avg_nnz_per_row=40.000
generation_time_sec=2.517
num_procs=1  num_threads_per_proc=4

rayleigh=4.223544292121217
checksum=0xdf8ae7bd0c7d1bb8
Time (sec) = 208.736447
local_compute_time_sec=203.007495
communication_time_sec=4.884740
reduction_time_sec=0.001561
epoch_transition_time_sec=0.000021
