SPARSE_ITERATION_MPI_OMP
rows=2000000  total_nnz=80000000  min_nnz_per_row=5  max_nnz_per_row=731  avg_nnz_per_row=40.000
generation_time_sec=2.436
num_procs=2  num_threads_per_proc=4

rayleigh=4.223544292120815
checksum=0x209b6c1423eeefd6
Time (sec) = 180.929181
local_compute_time_sec=172.285351
communication_time_sec=5.307420
reduction_time_sec=3.262016
epoch_transition_time_sec=0.000020
