SPARSE_ITERATION_MPI_OMP
rows=2000000  total_nnz=80000000  min_nnz_per_row=5  max_nnz_per_row=731  avg_nnz_per_row=40.000
generation_time_sec=2.517
num_procs=1  num_threads_per_proc=4

rayleigh=4.223544292121217
checksum=0xdf8ae7bd0c7d1bb8
Time (sec) = 208.736447
local_compute_time_sec=203.007495
communication_time_sec=4.884740
reduction_time_sec=0.001561
epoch_transition_time_sec=0.000021
SPARSE_ITERATION_MPI_OMP
rows=2000000  total_nnz=80000000  min_nnz_per_row=5  max_nnz_per_row=731  avg_nnz_per_row=40.000
generation_time_sec=2.516
num_procs=1  num_threads_per_proc=4

rayleigh=4.223544292121231
checksum=0x6c14662ac4e97ef1
Time (sec) = 208.350595
local_compute_time_sec=202.612404
communication_time_sec=4.891470
reduction_time_sec=0.001516
epoch_transition_time_sec=0.000021
SPARSE_ITERATION_MPI_OMP
rows=2000000  total_nnz=80000000  min_nnz_per_row=5  max_nnz_per_row=731  avg_nnz_per_row=40.000
generation_time_sec=2.513
num_procs=1  num_threads_per_proc=4

rayleigh=4.223544292121210
checksum=0x867ced170b5611b7
Time (sec) = 208.169982
local_compute_time_sec=202.436101
communication_time_sec=4.886897
reduction_time_sec=0.001565
epoch_transition_time_sec=0.000024
