SPARSE_ITERATION_MPI_OMP
rows=2000000  total_nnz=80000000  min_nnz_per_row=5  max_nnz_per_row=731  avg_nnz_per_row=40.000
generation_time_sec=2.437
num_procs=2  num_threads_per_proc=4

rayleigh=4.223544292120815
checksum=0x81fd16c8e582ccdc
Time (sec) = 180.926100
local_compute_time_sec=174.459081
communication_time_sec=5.316273
reduction_time_sec=1.080308
epoch_transition_time_sec=0.000020
