SPARSE_ITERATION_MPI_OMP
rows=2000000  total_nnz=80000000  min_nnz_per_row=5  max_nnz_per_row=731  avg_nnz_per_row=40.000
generation_time_sec=2.427
num_procs=4  num_threads_per_proc=4

rayleigh=4.223544292121022
checksum=0x5da2cf0c25722f67
Time (sec) = 126.909295
local_compute_time_sec=117.617115
communication_time_sec=9.164812
reduction_time_sec=0.085610
epoch_transition_time_sec=0.000030
