SPARSE_ITERATION_MPI_OMP
rows=2000000  total_nnz=80000000  min_nnz_per_row=5  max_nnz_per_row=731  avg_nnz_per_row=40.000
generation_time_sec=2.437
num_procs=2  num_threads_per_proc=4

rayleigh=4.223544292120815
checksum=0x81fd16c8e582ccdc
Time (sec) = 180.926100
local_compute_time_sec=174.459081
communication_time_sec=5.316273
reduction_time_sec=1.080308
epoch_transition_time_sec=0.000020
SPARSE_ITERATION_MPI_OMP
rows=2000000  total_nnz=80000000  min_nnz_per_row=5  max_nnz_per_row=731  avg_nnz_per_row=40.000
generation_time_sec=2.437
num_procs=2  num_threads_per_proc=4

rayleigh=4.223544292120821
checksum=0x35e90c118f9939a6
Time (sec) = 181.035062
local_compute_time_sec=171.249069
communication_time_sec=5.248228
reduction_time_sec=4.465480
epoch_transition_time_sec=0.000021
SPARSE_ITERATION_MPI_OMP
rows=2000000  total_nnz=80000000  min_nnz_per_row=5  max_nnz_per_row=731  avg_nnz_per_row=40.000
generation_time_sec=2.436
num_procs=2  num_threads_per_proc=4

rayleigh=4.223544292120815
checksum=0x209b6c1423eeefd6
Time (sec) = 180.929181
local_compute_time_sec=172.285351
communication_time_sec=5.307420
reduction_time_sec=3.262016
epoch_transition_time_sec=0.000020
