SPARSE_ITERATION_MPI_OMP
rows=2000000  total_nnz=80000000  min_nnz_per_row=5  max_nnz_per_row=731  avg_nnz_per_row=40.000
generation_time_sec=2.951
num_procs=32  num_threads_per_proc=4

rayleigh=4.223544292121060
checksum=0xc29386d47cd57906
Time (sec) = 49.611992
local_compute_time_sec=14.866445
communication_time_sec=22.388109
reduction_time_sec=12.351151
epoch_transition_time_sec=0.000036
