SPARSE_ITERATION_MPI_OMP
rows=2000000  total_nnz=80000000  min_nnz_per_row=5  max_nnz_per_row=731  avg_nnz_per_row=40.000
generation_time_sec=2.430
num_procs=4  num_threads_per_proc=4

rayleigh=4.223544292121026
checksum=0x134438d519e9eda8
Time (sec) = 127.030883
local_compute_time_sec=117.503884
communication_time_sec=9.192876
reduction_time_sec=0.293901
epoch_transition_time_sec=0.000033
