SPARSE_ITERATION_MPI_OMP
rows=2000000  total_nnz=80000000  min_nnz_per_row=5  max_nnz_per_row=731  avg_nnz_per_row=40.000
generation_time_sec=2.727
num_procs=8  num_threads_per_proc=4

rayleigh=4.223544292121087
checksum=0xde14b2f8e5c7e21c
Time (sec) = 91.431248
local_compute_time_sec=58.943023
communication_time_sec=32.390443
reduction_time_sec=0.074011
epoch_transition_time_sec=0.000029
