SPARSE_ITERATION_OMP_WS
rows=500000  total_nnz=20000000  min_nnz_per_row=5  max_nnz_per_row=731  avg_nnz_per_row=40.000
generation_time_sec=0.483
num_threads=4

rayleigh=4.223260535478222
checksum=0xc327043bf4472854
Time (sec) = 15.160103
