SPARSE_ITERATION_OMP_WS
rows=500000  total_nnz=20000000  min_nnz_per_row=5  max_nnz_per_row=731  avg_nnz_per_row=40.000
generation_time_sec=0.482
num_threads=2

rayleigh=4.223260535478170
checksum=0x2f36a9ec391f1c8f
Time (sec) = 28.594545
