SPARSE_ITERATION_OMP_WS
rows=500000  total_nnz=20000000  min_nnz_per_row=5  max_nnz_per_row=731  avg_nnz_per_row=40.000
generation_time_sec=0.484
num_threads=32

rayleigh=4.223260535478212
checksum=0xc08bdbf336e00c48
Time (sec) = 4.584393
