SPARSE_ITERATION_OMP_WS
rows=500000  total_nnz=20000000  min_nnz_per_row=5  max_nnz_per_row=731  avg_nnz_per_row=40.000
generation_time_sec=0.483
num_threads=8

rayleigh=4.223260535478215
checksum=0x1cc627b2c4c974c5
Time (sec) = 8.483323
