SPARSE_ITERATION_THREADS
rows=500000  total_nnz=20000000  min_nnz_per_row=5  max_nnz_per_row=731  avg_nnz_per_row=40.000
generation_time_sec=0.485
num_threads=32

rayleigh=4.223260535478218
checksum=0xe299cabafefd2eb
Time (sec) = 23.804652
