SPARSE_ITERATION_THREADS
rows=500000  total_nnz=20000000  min_nnz_per_row=5  max_nnz_per_row=731  avg_nnz_per_row=40.000
generation_time_sec=0.483
num_threads=16

rayleigh=4.223260535478219
checksum=0xcbb3641525de24b
Time (sec) = 29.780645
