SPARSE_ITERATION_THREADS
rows=500000  total_nnz=20000000  min_nnz_per_row=5  max_nnz_per_row=731  avg_nnz_per_row=40.000
generation_time_sec=0.484
num_threads=4

rayleigh=4.223260535478227
checksum=0x5a48780c2f7adf30
Time (sec) = 16.211928
