SPARSE_ITERATION_OMP_TASKS
rows=500000  total_nnz=20000000  min_nnz_per_row=5  max_nnz_per_row=731  avg_nnz_per_row=40.000
generation_time_sec=0.484
num_threads=16

rayleigh=4.223260535478207
checksum=0xd21d0c7f8fdd3c1c
Time (sec) = 102.393661
