SPARSE_ITERATION_OMP_TASKS
rows=500000  total_nnz=20000000  min_nnz_per_row=5  max_nnz_per_row=731  avg_nnz_per_row=40.000
generation_time_sec=0.488
num_threads=16

rayleigh=4.223260535478206
checksum=0xdd2c5144c57c6943
Time (sec) = 102.147725
