SPARSE_ITERATION_OMP_TASKS
rows=500000  total_nnz=20000000  min_nnz_per_row=5  max_nnz_per_row=731  avg_nnz_per_row=40.000
generation_time_sec=0.481
num_threads=4

rayleigh=4.223260535478212
checksum=0xc7fa4fe445704453
Time (sec) = 15.781940
