SPARSE_ITERATION_OMP_TASKS
rows=500000  total_nnz=20000000  min_nnz_per_row=5  max_nnz_per_row=731  avg_nnz_per_row=40.000
generation_time_sec=0.485
num_threads=16

rayleigh=4.223260535478208
checksum=0xdd89147566e0382e
Time (sec) = 21.868319
