SPARSE_ITERATION_OMP_TASKS
rows=500000  total_nnz=20000000  min_nnz_per_row=5  max_nnz_per_row=731  avg_nnz_per_row=40.000
generation_time_sec=0.487
num_threads=32

rayleigh=4.223260535478211
checksum=0x72d7fa983fad6a27
Time (sec) = 29.359346
