SPARSE_ITERATION_OMP_TASKS
rows=500000  total_nnz=20000000  min_nnz_per_row=5  max_nnz_per_row=731  avg_nnz_per_row=40.000
generation_time_sec=0.484
num_threads=1

rayleigh=4.223260535478223
checksum=0x853545a3cb5a6b38
Time (sec) = 53.202315
