SPARSE_ITERATION_OMP_TASKS
rows=500000  total_nnz=20000000  min_nnz_per_row=5  max_nnz_per_row=731  avg_nnz_per_row=40.000
generation_time_sec=0.483
num_threads=16

rayleigh=4.223260535478208
checksum=0xefa3cbcb34dde6da
Time (sec) = 5.494770
