SPARSE_ITERATION_OMP_TASKS
rows=500000  total_nnz=20000000  min_nnz_per_row=5  max_nnz_per_row=731  avg_nnz_per_row=40.000
generation_time_sec=0.482
num_threads=8

rayleigh=4.223260535478212
checksum=0x3b88ee80c8dc4ef8
Time (sec) = 10.488254
