SPARSE_ITERATION_OMP_TASKS
rows=500000  total_nnz=20000000  min_nnz_per_row=5  max_nnz_per_row=731  avg_nnz_per_row=40.000
generation_time_sec=0.486
num_threads=16

rayleigh=4.223260535478208
checksum=0x36175b86aa1c36e6
Time (sec) = 101.793498
