SPARSE_ITERATION_OMP_TASKS
rows=500000  total_nnz=20000000  min_nnz_per_row=5  max_nnz_per_row=731  avg_nnz_per_row=40.000
generation_time_sec=0.487
num_threads=32

rayleigh=4.223260535478212
checksum=0x648021efac6c524a
Time (sec) = 30.446510
