SPARSE_ITERATION_OMP_TASKS
rows=500000  total_nnz=20000000  min_nnz_per_row=5  max_nnz_per_row=731  avg_nnz_per_row=40.000
generation_time_sec=0.482
num_threads=4

rayleigh=4.223260535478214
checksum=0x7a03cde160b3b31d
Time (sec) = 15.833334
