SPARSE_ITERATION_MPI_OMP
rows=8000000  total_nnz=320000000  min_nnz_per_row=5  max_nnz_per_row=731  avg_nnz_per_row=40.000
generation_time_sec=11.403
num_procs=16  num_threads_per_proc=4

rayleigh=4.223074778717370
checksum=0x603f8015fffdb3ce
Time (sec) = 250.697993
local_compute_time_sec=135.664116
communication_time_sec=73.140101
reduction_time_sec=41.851629
epoch_transition_time_sec=0.000033
