SPARSE_ITERATION_MPI_OMP
rows=4000000  total_nnz=160000000  min_nnz_per_row=5  max_nnz_per_row=731  avg_nnz_per_row=40.000
generation_time_sec=5.404
num_procs=8  num_threads_per_proc=4

rayleigh=4.224016972097207
checksum=0xc4cb241c40a54dbd
Time (sec) = 194.916738
local_compute_time_sec=130.106628
communication_time_sec=64.703816
reduction_time_sec=0.064886
epoch_transition_time_sec=0.000038
