SPARSE_ITERATION_MPI_OMP
rows=2000000  total_nnz=80000000  min_nnz_per_row=5  max_nnz_per_row=731  avg_nnz_per_row=40.000
generation_time_sec=2.437
num_procs=4  num_threads_per_proc=4

rayleigh=4.223544292121031
checksum=0x85bf4b38707160e7
Time (sec) = 127.619521
local_compute_time_sec=118.356084
communication_time_sec=9.212898
reduction_time_sec=0.009411
epoch_transition_time_sec=0.000023
