SPARSE_ITERATION_MPI_OMP
rows=500000  total_nnz=20000000  min_nnz_per_row=5  max_nnz_per_row=731  avg_nnz_per_row=40.000
generation_time_sec=0.620
num_procs=1  num_threads_per_proc=4

rayleigh=4.223260535478179
checksum=0xdc84b40520b6769b
Time (sec) = 43.174498
local_compute_time_sec=42.008492
communication_time_sec=0.971318
reduction_time_sec=0.001526
epoch_transition_time_sec=0.000025
