SPARSE_ITERATION_MPI_OMP
rows=8000000  total_nnz=320000000  min_nnz_per_row=5  max_nnz_per_row=731  avg_nnz_per_row=40.000
generation_time_sec=11.403
num_procs=16  num_threads_per_proc=4

rayleigh=4.223074778717370
checksum=0x603f8015fffdb3ce
Time (sec) = 250.697993
local_compute_time_sec=135.664116
communication_time_sec=73.140101
reduction_time_sec=41.851629
epoch_transition_time_sec=0.000033
SPARSE_ITERATION_MPI_OMP
rows=8000000  total_nnz=320000000  min_nnz_per_row=5  max_nnz_per_row=731  avg_nnz_per_row=40.000
generation_time_sec=11.398
num_procs=16  num_threads_per_proc=4

rayleigh=4.223074778717375
checksum=0xe4706e268afee046
Time (sec) = 250.742607
local_compute_time_sec=135.810806
communication_time_sec=73.179527
reduction_time_sec=41.709911
epoch_transition_time_sec=0.000042
SPARSE_ITERATION_MPI_OMP
rows=8000000  total_nnz=320000000  min_nnz_per_row=5  max_nnz_per_row=731  avg_nnz_per_row=40.000
generation_time_sec=11.428
num_procs=16  num_threads_per_proc=4

rayleigh=4.223074778717380
checksum=0x5bd11865f36a8181
Time (sec) = 250.731552
local_compute_time_sec=135.857335
communication_time_sec=73.191794
reduction_time_sec=41.640199
epoch_transition_time_sec=0.000039
